BurstImageDeblurring: 1.218147
DeblurGANv2: 2.835962
MIMO-UNetPlus: 1.645679
MPRNet: 1.620219
PVDNet: 1.384208
UHDVD: 1.092630
UMSNFaceDeblurring: 1.900460
ours: 2.806719
reference: 2.864488
source: 1.040162
