BurstImageDeblurring: 1.354100
DeblurGANv2: 3.473862
MIMO-UNetPlus: 1.477972
MPRNet: 1.844239
PVDNet: 1.730514
UHDVD: 1.183819
UMSNFaceDeblurring: 1.862617
ours: 4.984335
reference: 5.568612
source: 1.126323
