BurstImageDeblurring: 2.452038
DeblurGANv2: 2.302837
MIMO-UNetPlus: 1.471940
MPRNet: 1.668856
PVDNet: 2.846989
UHDVD: 2.057492
UMSNFaceDeblurring: 1.739346
ours: 7.783171
reference: 7.574810
source: 1.428848
