BurstImageDeblurring: 2.045595
DeblurGANv2: 2.123734
MIMO-UNetPlus: 2.116021
MPRNet: 2.201868
PVDNet: 3.048716
UHDVD: 1.603484
UMSNFaceDeblurring: 4.383316
ours: 6.911511
reference: 2.803788
source: 1.645504
