BurstImageDeblurring: 2.010744
DeblurGANv2: 2.339161
MIMO-UNetPlus: 1.518551
MPRNet: 1.488131
PVDNet: 3.444494
UHDVD: 2.146875
UMSNFaceDeblurring: 6.443856
ours: 8.297235
reference: 6.505014
source: 1.130113
