BurstImageDeblurring: 1.571140
DeblurGANv2: 1.269017
MIMO-UNetPlus: 1.181350
MPRNet: 1.118090
PVDNet: 1.341199
UHDVD: 1.530465
UMSNFaceDeblurring: 1.230474
ours: 3.666436
reference: 1.746115
source: 1.110294
