BurstImageDeblurring: 1.288272
DeblurGANv2: 1.191469
MIMO-UNetPlus: 1.138492
MPRNet: 1.182917
PVDNet: 1.513539
UHDVD: 1.206742
UMSNFaceDeblurring: 1.139968
ours: 1.882195
reference: 2.045004
source: 1.076296
