BurstImageDeblurring: 1.707111
DeblurGANv2: 1.441680
MIMO-UNetPlus: 1.374974
MPRNet: 1.338914
PVDNet: 1.953173
UHDVD: 2.408034
UMSNFaceDeblurring: 1.805290
ours: 1.583714
reference: 1.270961
source: 1.226898
