BurstImageDeblurring: 1.240274
DeblurGANv2: 4.874588
MIMO-UNetPlus: 1.183504
MPRNet: 1.055825
PVDNet: 2.496106
UHDVD: 1.895387
UMSNFaceDeblurring: 1.371393
ours: 6.711401
reference: 2.235271
source: 1.040559
