BurstImageDeblurring: 3.355007
DeblurGANv2: 3.805142
MIMO-UNetPlus: 3.420192
MPRNet: 2.784111
PVDNet: 4.482882
UHDVD: 4.615693
UMSNFaceDeblurring: 4.969838
ours: 6.000287
reference: 1.594859
source: 2.666949
