BurstImageDeblurring: 1.195303
DeblurGANv2: 1.843216
MIMO-UNetPlus: 2.323993
MPRNet: 1.202195
PVDNet: 1.511903
UHDVD: 1.178630
UMSNFaceDeblurring: 2.120881
ours: 3.206173
reference: 1.922660
source: 1.115975
