BurstImageDeblurring: 1.679160
DeblurGANv2: 5.467550
MIMO-UNetPlus: 3.551077
MPRNet: 1.973526
PVDNet: 3.166468
UHDVD: 2.182344
UMSNFaceDeblurring: 2.365974
ours: 4.876975
reference: 2.424397
source: 1.823844
