BurstImageDeblurring: 1.831873
DeblurGANv2: 4.730916
MIMO-UNetPlus: 2.964393
MPRNet: 1.839240
PVDNet: 3.090591
UHDVD: 2.082803
UMSNFaceDeblurring: 2.194411
ours: 3.838254
reference: 1.899581
source: 1.691764
