BurstImageDeblurring: 1.393284
DeblurGANv2: 4.268010
MIMO-UNetPlus: 2.323495
MPRNet: 1.849964
PVDNet: 1.434650
UHDVD: 1.356935
UMSNFaceDeblurring: 2.134000
ours: 1.890524
reference: 2.324673
source: 1.382950
