BurstImageDeblurring: 1.510205
DeblurGANv2: 5.045135
MIMO-UNetPlus: 1.577096
MPRNet: 1.217305
PVDNet: 2.088371
UHDVD: 2.082767
UMSNFaceDeblurring: 1.629560
ours: 2.036829
reference: 1.640377
source: 1.167761
