BurstImageDeblurring: 2.465925
DeblurGANv2: 5.226888
MIMO-UNetPlus: 2.154707
MPRNet: 2.954883
PVDNet: 4.548197
UHDVD: 1.834937
UMSNFaceDeblurring: 2.608891
ours: 3.508679
reference: 2.415811
source: 2.337047
