BurstImageDeblurring: 1.178788
DeblurGANv2: 3.257082
MIMO-UNetPlus: 1.408608
MPRNet: 1.634477
PVDNet: 3.460206
UHDVD: 2.017044
UMSNFaceDeblurring: 1.838900
ours: 5.339125
reference: 2.552594
source: 1.153606
