BurstImageDeblurring: 1.889775
DeblurGANv2: 1.242298
MIMO-UNetPlus: 1.438446
MPRNet: 1.157681
PVDNet: 1.828518
UHDVD: 2.943308
UMSNFaceDeblurring: 1.826157
ours: 3.014176
reference: 1.285891
source: 1.123461
