BurstImageDeblurring: 2.019460
DeblurGANv2: 5.143130
MIMO-UNetPlus: 3.557806
MPRNet: 3.333139
PVDNet: 4.721523
UHDVD: 3.438816
UMSNFaceDeblurring: 5.939392
ours: 8.160837
reference: 4.138152
source: 2.454259
