BurstImageDeblurring: 1.093769
DeblurGANv2: 1.233964
MIMO-UNetPlus: 1.021322
MPRNet: 1.067029
PVDNet: 1.062046
UHDVD: 1.023594
UMSNFaceDeblurring: 1.727638
ours: 1.884617
reference: 2.271863
source: 1.005886
