BurstImageDeblurring: 1.731196
DeblurGANv2: 3.571963
MIMO-UNetPlus: 1.906771
MPRNet: 2.243813
PVDNet: 3.285828
UHDVD: 2.725242
UMSNFaceDeblurring: 1.185485
ours: 6.106292
reference: 4.764538
source: 1.548277
