BurstImageDeblurring: 1.170186
DeblurGANv2: 4.307724
MIMO-UNetPlus: 1.145898
MPRNet: 1.283125
PVDNet: 3.494439
UHDVD: 1.488903
UMSNFaceDeblurring: 2.319141
ours: 3.926499
reference: 3.144032
source: 1.089617
