BurstImageDeblurring: 1.287686
DeblurGANv2: 2.138966
MIMO-UNetPlus: 1.328821
MPRNet: 1.096285
PVDNet: 1.198541
UHDVD: 1.070187
UMSNFaceDeblurring: 1.322839
ours: 1.969999
reference: 1.640183
source: 1.024772
