BurstImageDeblurring: 1.388881
DeblurGANv2: 5.297189
MIMO-UNetPlus: 1.497010
MPRNet: 1.132173
PVDNet: 2.153718
UHDVD: 1.121680
UMSNFaceDeblurring: 1.153590
ours: 6.193177
reference: 5.204543
source: 1.068280
