BurstImageDeblurring: 1.133735
DeblurGANv2: 1.539357
MIMO-UNetPlus: 1.289736
MPRNet: 1.085157
PVDNet: 1.863998
UHDVD: 1.268285
UMSNFaceDeblurring: 1.236112
ours: 2.652736
reference: 2.643323
source: 1.089959
