BurstImageDeblurring: 1.196563
DeblurGANv2: 5.040871
MIMO-UNetPlus: 1.053877
MPRNet: 1.130966
PVDNet: 3.017660
UHDVD: 1.071480
UMSNFaceDeblurring: 1.192317
ours: 8.111587
reference: 3.611104
source: 1.024024
