BurstImageDeblurring: 1.203585
DeblurGANv2: 1.459540
MIMO-UNetPlus: 1.191086
MPRNet: 1.044475
PVDNet: 1.638753
UHDVD: 1.064047
UMSNFaceDeblurring: 1.126606
ours: 1.559236
reference: 1.353476
source: 1.022903
