BurstImageDeblurring: 1.474861
DeblurGANv2: 3.740699
MIMO-UNetPlus: 2.232602
MPRNet: 1.714042
PVDNet: 3.753872
UHDVD: 3.358237
UMSNFaceDeblurring: 3.521379
ours: 4.146643
reference: 3.749344
source: 1.225406
