BurstImageDeblurring: 1.211434
DeblurGANv2: 2.236523
MIMO-UNetPlus: 1.154863
MPRNet: 1.154339
PVDNet: 1.703210
UHDVD: 1.107350
UMSNFaceDeblurring: 1.402237
ours: 3.519386
reference: 2.235006
source: 1.087918
