BurstImageDeblurring: 1.129143
DeblurGANv2: 1.241235
MIMO-UNetPlus: 1.248409
MPRNet: 1.046674
PVDNet: 1.259095
UHDVD: 1.198687
UMSNFaceDeblurring: 1.471051
ours: 1.925070
reference: 1.805672
source: 1.032346
