BurstImageDeblurring: 1.316992
DeblurGANv2: 2.017593
MIMO-UNetPlus: 1.416561
MPRNet: 1.517576
PVDNet: 1.937068
UHDVD: 1.358415
UMSNFaceDeblurring: 1.337329
ours: 2.254043
reference: 1.958398
source: 1.127504
