BurstImageDeblurring: 3.110643
DeblurGANv2: 8.351416
MIMO-UNetPlus: 4.401779
MPRNet: 7.461206
PVDNet: 6.004694
UHDVD: 5.266673
UMSNFaceDeblurring: 6.163592
ours: 9.046779
reference: 8.537298
source: 2.864446
