BurstImageDeblurring: 2.356180
DeblurGANv2: 7.815647
MIMO-UNetPlus: 3.421962
MPRNet: 3.101870
PVDNet: 6.577933
UHDVD: 4.503970
UMSNFaceDeblurring: 4.710208
ours: 3.486528
reference: 4.960186
source: 1.444857
