BurstImageDeblurring: 2.696938
DeblurGANv2: 8.826335
MIMO-UNetPlus: 3.366610
MPRNet: 5.261923
PVDNet: 5.428283
UHDVD: 2.044655
UMSNFaceDeblurring: 7.554705
ours: 8.432732
reference: 7.751037
source: 2.079464
