BurstImageDeblurring: 1.171140
DeblurGANv2: 3.662327
MIMO-UNetPlus: 1.212049
MPRNet: 1.230458
PVDNet: 1.372121
UHDVD: 1.160606
UMSNFaceDeblurring: 1.405685
ours: 1.537111
reference: 1.685751
source: 1.094308
