BurstImageDeblurring: 2.773420
DeblurGANv2: 3.504225
MIMO-UNetPlus: 3.165620
MPRNet: 1.843047
PVDNet: 5.583449
UHDVD: 2.744137
UMSNFaceDeblurring: 2.900810
ours: 7.415016
reference: 4.282058
source: 1.220132
