BurstImageDeblurring: 3.827432
DeblurGANv2: 8.088800
MIMO-UNetPlus: 3.852159
MPRNet: 4.385246
PVDNet: 4.228432
UHDVD: 2.861286
UMSNFaceDeblurring: 2.566327
ours: 6.505303
reference: 4.214151
source: 2.173983
