BurstImageDeblurring: 1.624243
DeblurGANv2: 5.030415
MIMO-UNetPlus: 1.197889
MPRNet: 1.138433
PVDNet: 1.709712
UHDVD: 1.190573
UMSNFaceDeblurring: 1.848386
ours: 8.252834
reference: 2.453003
source: 1.073428
