BurstImageDeblurring: 1.222546
DeblurGANv2: 1.263370
MIMO-UNetPlus: 1.171055
MPRNet: 1.165435
PVDNet: 1.389480
UHDVD: 1.336482
UMSNFaceDeblurring: 1.357845
ours: 3.147965
reference: 2.852334
source: 1.047355
