BurstImageDeblurring: 1.638059
DeblurGANv2: 1.947222
MIMO-UNetPlus: 1.415022
MPRNet: 1.292048
PVDNet: 1.925179
UHDVD: 1.175309
UMSNFaceDeblurring: 1.264364
ours: 6.238297
reference: 5.655757
source: 1.104034
