BurstImageDeblurring: 2.840775
DeblurGANv2: 2.407687
MIMO-UNetPlus: 1.823975
MPRNet: 2.428945
PVDNet: 4.391625
UHDVD: 2.888485
UMSNFaceDeblurring: 1.812517
ours: 2.800871
reference: 1.332866
source: 1.512488
