BurstImageDeblurring: 1.123304
DeblurGANv2: 4.061850
MIMO-UNetPlus: 1.176849
MPRNet: 1.113665
PVDNet: 1.202890
UHDVD: 1.110728
UMSNFaceDeblurring: 1.325031
ours: 3.154669
reference: 1.473728
source: 1.037278
