BurstImageDeblurring: 1.117180
DeblurGANv2: 1.143631
MIMO-UNetPlus: 1.056642
MPRNet: 1.055979
PVDNet: 1.228309
UHDVD: 1.062492
UMSNFaceDeblurring: 2.183130
ours: 1.437845
reference: 2.654248
source: 1.020486
