BurstImageDeblurring: 2.371748
DeblurGANv2: 5.652202
MIMO-UNetPlus: 2.431063
MPRNet: 1.306839
PVDNet: 3.352157
UHDVD: 1.531300
UMSNFaceDeblurring: 2.710423
ours: 7.730252
reference: 3.557509
source: 1.202085
