BurstImageDeblurring: 1.252380
DeblurGANv2: 1.293473
MIMO-UNetPlus: 1.433864
MPRNet: 1.212361
PVDNet: 1.612719
UHDVD: 1.216922
UMSNFaceDeblurring: 1.268690
ours: 2.927140
reference: 1.573516
source: 1.147966
