BurstImageDeblurring: 2.021730
DeblurGANv2: 4.991965
MIMO-UNetPlus: 2.945296
MPRNet: 1.809492
PVDNet: 3.970212
UHDVD: 1.699555
UMSNFaceDeblurring: 4.111283
ours: 6.281353
reference: 2.339445
source: 1.245099
