BurstImageDeblurring: 4.895390
DeblurGANv2: 6.703139
MIMO-UNetPlus: 3.673186
MPRNet: 5.027829
PVDNet: 6.906129
UHDVD: 4.794837
UMSNFaceDeblurring: 4.323184
ours: 7.649175
reference: 7.257215
source: 3.524314
