BurstImageDeblurring: 1.224295
DeblurGANv2: 2.563614
MIMO-UNetPlus: 1.218509
MPRNet: 1.124298
PVDNet: 1.551053
UHDVD: 2.617563
UMSNFaceDeblurring: 1.421802
ours: 1.701514
reference: 1.812903
source: 1.073161
