BurstImageDeblurring: 1.296906
DeblurGANv2: 1.545953
MIMO-UNetPlus: 1.219085
MPRNet: 1.224159
PVDNet: 1.614079
UHDVD: 2.086463
UMSNFaceDeblurring: 1.046607
ours: 1.662800
reference: 1.571942
source: 1.044328
