BurstImageDeblurring: 1.356471
DeblurGANv2: 3.837773
MIMO-UNetPlus: 1.502454
MPRNet: 1.230012
PVDNet: 1.998758
UHDVD: 1.231754
UMSNFaceDeblurring: 1.596213
ours: 6.042475
reference: 5.516502
source: 1.135914
